9.177000e-05
9.364000e-05
9.559000e-05
9.762000e-05
9.973000e-05
1.019000e-04
1.042000e-04
1.066000e-04
1.090000e-04
1.115000e-04
1.142000e-04
1.170000e-04
1.200000e-04
1.230000e-04
1.261000e-04
1.293000e-04
1.325000e-04
1.359000e-04
1.390000e-04
1.420000e-04
1.445000e-04
1.461000e-04
1.471000e-04
1.490000e-04
1.521000e-04
1.550000e-04
1.577000e-04
1.601000e-04
1.617000e-04
1.622000e-04
1.625000e-04
1.635000e-04
1.645000e-04
1.641000e-04
1.613000e-04
1.555000e-04
1.453000e-04
1.320000e-04
1.173000e-04
9.941000e-05
8.500000e-05
7.871000e-05
7.629000e-05
7.377000e-05
7.081000e-05
6.788000e-05
6.488000e-05
6.125000e-05
5.803000e-05
5.510000e-05
5.076000e-05
4.556000e-05
4.164000e-05
3.935000e-05
3.759000e-05
3.566000e-05
3.344000e-05
3.101000e-05
2.824000e-05
2.508000e-05
2.183000e-05
1.849000e-05
1.507000e-05
1.205000e-05
9.656000e-06
7.773000e-06
6.328000e-06
5.358000e-06
4.856000e-06
4.638000e-06
4.468000e-06
4.281000e-06
4.137000e-06
4.061000e-06
4.036000e-06
4.055000e-06
4.114000e-06
4.191000e-06
4.229000e-06
4.213000e-06
4.164000e-06
4.042000e-06
3.767000e-06
3.385000e-06
2.948000e-06
2.572000e-06
2.309000e-06
2.060000e-06
1.845000e-06
1.660000e-06
1.506000e-06
1.386000e-06
1.285000e-06
1.206000e-06
1.131000e-06
1.061000e-06
1.004000e-06
9.485000e-07
8.947000e-07
8.390000e-07
7.844000e-07
7.131000e-07
6.031000e-07
4.973000e-07
3.896000e-07
2.908000e-07
2.266000e-07
1.799000e-07
1.453000e-07
1.250000e-07
1.115000e-07
1.020000e-07
9.686000e-08
9.378000e-08
9.210000e-08
9.207000e-08
9.298000e-08
9.381000e-08
9.526000e-08
9.810000e-08
