9.689000e-05
9.887000e-05
1.009000e-04
1.031000e-04
1.053000e-04
1.076000e-04
1.101000e-04
1.126000e-04
1.151000e-04
1.177000e-04
1.205000e-04
1.235000e-04
1.266000e-04
1.298000e-04
1.331000e-04
1.364000e-04
1.398000e-04
1.432000e-04
1.466000e-04
1.496000e-04
1.521000e-04
1.536000e-04
1.545000e-04
1.563000e-04
1.595000e-04
1.625000e-04
1.651000e-04
1.675000e-04
1.691000e-04
1.693000e-04
1.694000e-04
1.702000e-04
1.710000e-04
1.704000e-04
1.672000e-04
1.608000e-04
1.497000e-04
1.355000e-04
1.200000e-04
1.012000e-04
8.628000e-05
7.976000e-05
7.724000e-05
7.462000e-05
7.157000e-05
6.855000e-05
6.547000e-05
6.175000e-05
5.846000e-05
5.547000e-05
5.106000e-05
4.579000e-05
4.183000e-05
3.951000e-05
3.773000e-05
3.578000e-05
3.354000e-05
3.109000e-05
2.831000e-05
2.513000e-05
2.186000e-05
1.852000e-05
1.509000e-05
1.206000e-05
9.662000e-06
7.777000e-06
6.330000e-06
5.359000e-06
4.857000e-06
4.639000e-06
4.469000e-06
4.281000e-06
4.138000e-06
4.062000e-06
4.037000e-06
4.055000e-06
4.115000e-06
4.192000e-06
4.230000e-06
4.213000e-06
4.164000e-06
4.043000e-06
3.767000e-06
3.385000e-06
2.948000e-06
2.573000e-06
2.309000e-06
2.060000e-06
1.845000e-06
1.660000e-06
1.506000e-06
1.386000e-06
1.285000e-06
1.206000e-06
1.131000e-06
1.061000e-06
1.004000e-06
9.485000e-07
8.948000e-07
8.390000e-07
7.844000e-07
7.131000e-07
6.031000e-07
4.973000e-07
3.896000e-07
2.908000e-07
2.266000e-07
1.799000e-07
1.453000e-07
1.250000e-07
1.115000e-07
1.020000e-07
9.686000e-08
9.378000e-08
9.210000e-08
9.207000e-08
9.298000e-08
9.381000e-08
9.526000e-08
9.810000e-08
