8.841000e-05
9.022000e-05
9.209000e-05
9.405000e-05
9.608000e-05
9.821000e-05
1.004000e-04
1.027000e-04
1.051000e-04
1.075000e-04
1.100000e-04
1.128000e-04
1.156000e-04
1.186000e-04
1.216000e-04
1.246000e-04
1.278000e-04
1.310000e-04
1.341000e-04
1.370000e-04
1.394000e-04
1.411000e-04
1.422000e-04
1.441000e-04
1.471000e-04
1.501000e-04
1.527000e-04
1.551000e-04
1.569000e-04
1.574000e-04
1.579000e-04
1.590000e-04
1.600000e-04
1.598000e-04
1.573000e-04
1.520000e-04
1.423000e-04
1.296000e-04
1.155000e-04
9.814000e-05
8.411000e-05
7.797000e-05
7.562000e-05
7.317000e-05
7.028000e-05
6.741000e-05
6.446000e-05
6.090000e-05
5.772000e-05
5.483000e-05
5.054000e-05
4.539000e-05
4.151000e-05
3.923000e-05
3.749000e-05
3.557000e-05
3.337000e-05
3.095000e-05
2.819000e-05
2.504000e-05
2.180000e-05
1.847000e-05
1.506000e-05
1.204000e-05
9.652000e-06
7.770000e-06
6.326000e-06
5.357000e-06
4.855000e-06
4.637000e-06
4.467000e-06
4.280000e-06
4.137000e-06
4.060000e-06
4.036000e-06
4.054000e-06
4.114000e-06
4.191000e-06
4.229000e-06
4.212000e-06
4.163000e-06
4.042000e-06
3.766000e-06
3.385000e-06
2.948000e-06
2.572000e-06
2.309000e-06
2.060000e-06
1.845000e-06
1.660000e-06
1.506000e-06
1.386000e-06
1.285000e-06
1.206000e-06
1.131000e-06
1.061000e-06
1.004000e-06
9.485000e-07
8.947000e-07
8.390000e-07
7.844000e-07
7.131000e-07
6.031000e-07
4.973000e-07
3.896000e-07
2.908000e-07
2.266000e-07
1.799000e-07
1.453000e-07
1.250000e-07
1.115000e-07
1.020000e-07
9.686000e-08
9.378000e-08
9.210000e-08
9.207000e-08
9.298000e-08
9.381000e-08
9.526000e-08
9.810000e-08
