8.989000e-05
9.173000e-05
9.364000e-05
9.562000e-05
9.769000e-05
9.985000e-05
1.021000e-04
1.044000e-04
1.068000e-04
1.093000e-04
1.118000e-04
1.146000e-04
1.175000e-04
1.205000e-04
1.236000e-04
1.267000e-04
1.299000e-04
1.331000e-04
1.363000e-04
1.392000e-04
1.417000e-04
1.433000e-04
1.444000e-04
1.463000e-04
1.493000e-04
1.523000e-04
1.549000e-04
1.573000e-04
1.590000e-04
1.595000e-04
1.599000e-04
1.610000e-04
1.620000e-04
1.617000e-04
1.591000e-04
1.536000e-04
1.437000e-04
1.306000e-04
1.163000e-04
9.871000e-05
8.451000e-05
7.830000e-05
7.592000e-05
7.344000e-05
7.052000e-05
6.762000e-05
6.465000e-05
6.106000e-05
5.786000e-05
5.495000e-05
5.064000e-05
4.547000e-05
4.157000e-05
3.929000e-05
3.754000e-05
3.561000e-05
3.340000e-05
3.097000e-05
2.821000e-05
2.506000e-05
2.181000e-05
1.848000e-05
1.506000e-05
1.204000e-05
9.654000e-06
7.772000e-06
6.327000e-06
5.357000e-06
4.855000e-06
4.637000e-06
4.467000e-06
4.280000e-06
4.137000e-06
4.061000e-06
4.036000e-06
4.054000e-06
4.114000e-06
4.191000e-06
4.229000e-06
4.212000e-06
4.163000e-06
4.042000e-06
3.767000e-06
3.385000e-06
2.948000e-06
2.572000e-06
2.309000e-06
2.060000e-06
1.845000e-06
1.660000e-06
1.506000e-06
1.386000e-06
1.285000e-06
1.206000e-06
1.131000e-06
1.061000e-06
1.004000e-06
9.485000e-07
8.947000e-07
8.390000e-07
7.844000e-07
7.131000e-07
6.031000e-07
4.973000e-07
3.896000e-07
2.908000e-07
2.266000e-07
1.799000e-07
1.453000e-07
1.250000e-07
1.115000e-07
1.020000e-07
9.686000e-08
9.378000e-08
9.210000e-08
9.207000e-08
9.298000e-08
9.381000e-08
9.526000e-08
9.810000e-08
