2.535520e-04
2.592120e-04
2.646040e-04
2.698580e-04
2.749200e-04
2.801120e-04
2.853600e-04
2.898600e-04
2.936000e-04
2.964000e-04
2.999000e-04
3.051800e-04
3.105400e-04
3.155800e-04
3.196800e-04
3.224000e-04
3.246000e-04
3.260400e-04
3.248000e-04
3.197600e-04
3.094000e-04
2.934600e-04
2.764400e-04
2.677200e-04
2.666200e-04
2.649000e-04
2.618400e-04
2.581200e-04
2.522200e-04
2.431400e-04
2.351800e-04
2.303200e-04
2.261400e-04
2.194600e-04
2.088000e-04
1.941800e-04
1.742600e-04
1.524200e-04
1.313200e-04
1.081120e-04
9.070000e-05
8.324800e-05
8.030600e-05
7.731800e-05
7.390000e-05
7.056200e-05
6.719400e-05
6.320200e-05
5.968600e-05
5.651600e-05
5.189600e-05
4.642400e-05
4.232800e-05
3.993200e-05
3.810000e-05
3.609400e-05
3.380600e-05
3.130600e-05
2.847600e-05
2.525600e-05
2.195400e-05
1.857800e-05
1.512600e-05
1.208200e-05
9.676800e-06
7.786000e-06
6.336000e-06
5.363400e-06
4.860200e-06
4.641600e-06
4.471200e-06
4.283400e-06
4.140000e-06
4.063400e-06
4.038600e-06
4.056800e-06
4.116400e-06
4.193400e-06
4.231400e-06
4.214600e-06
4.165400e-06
4.044000e-06
3.768200e-06
3.386000e-06
2.948800e-06
2.572800e-06
2.309400e-06
2.060400e-06
1.845400e-06
1.660200e-06
1.506200e-06
1.386000e-06
1.285200e-06
1.206000e-06
1.131000e-06
1.061200e-06
1.004000e-06
9.485400e-07
8.947600e-07
8.390200e-07
7.844200e-07
7.131200e-07
6.031200e-07
4.973000e-07
3.896200e-07
2.908000e-07
2.266000e-07
1.799000e-07
1.453000e-07
1.250000e-07
1.115000e-07
1.020000e-07
9.686200e-08
9.378000e-08
9.210000e-08
9.207000e-08
9.298000e-08
9.381200e-08
9.526000e-08
9.810000e-08
