1.287833e-03
1.223489e-03
1.146278e-03
1.079256e-03
1.027478e-03
9.773889e-04
9.344667e-04
9.152222e-04
9.272000e-04
9.641889e-04
1.011444e-03
1.052556e-03
1.081556e-03
1.117111e-03
1.162556e-03
1.208778e-03
1.247000e-03
1.285222e-03
1.330111e-03
1.408333e-03
1.528589e-03
1.693689e-03
1.894000e-03
2.146767e-03
2.458789e-03
2.788289e-03
3.095644e-03
3.389733e-03
3.694378e-03
3.993367e-03
4.250800e-03
4.482767e-03
4.642022e-03
4.645967e-03
4.506822e-03
4.283444e-03
3.935200e-03
3.537078e-03
3.195767e-03
2.822189e-03
2.462833e-03
2.248167e-03
2.108129e-03
1.997332e-03
1.910558e-03
1.838539e-03
1.779623e-03
1.714717e-03
1.645840e-03
1.563703e-03
1.417342e-03
1.208412e-03
9.975433e-04
8.386756e-04
7.374389e-04
6.907722e-04
7.013978e-04
7.707344e-04
8.682122e-04
9.197633e-04
8.751556e-04
7.415611e-04
5.704333e-04
4.179867e-04
2.868633e-04
1.793387e-04
1.029210e-04
4.921233e-05
2.941900e-05
2.141389e-05
1.720122e-05
1.444033e-05
1.262189e-05
1.143989e-05
1.065867e-05
1.015011e-05
9.845333e-06
9.652333e-06
9.423111e-06
9.120111e-06
8.788889e-06
8.341667e-06
7.618667e-06
6.723667e-06
5.761444e-06
4.955556e-06
4.390111e-06
3.871000e-06
3.430778e-06
3.056444e-06
2.748667e-06
2.509000e-06
2.309667e-06
2.152778e-06
2.005889e-06
1.872667e-06
1.762000e-06
1.656611e-06
1.556033e-06
1.453111e-06
1.353756e-06
1.226633e-06
1.034144e-06
8.501444e-07
6.644444e-07
4.946444e-07
3.845889e-07
3.046889e-07
2.457444e-07
2.109889e-07
1.887667e-07
1.741444e-07
1.666189e-07
1.625844e-07
1.609222e-07
1.621233e-07
1.650489e-07
1.678478e-07
1.717956e-07
1.782889e-07
