2.187850e-03
2.291700e-03
2.400100e-03
2.513363e-03
2.631975e-03
2.757125e-03
2.888750e-03
3.024750e-03
3.165000e-03
3.309125e-03
3.463000e-03
3.631500e-03
3.809500e-03
3.994875e-03
4.185750e-03
4.380250e-03
4.581875e-03
4.790625e-03
4.993875e-03
5.186750e-03
5.353162e-03
5.480650e-03
5.586875e-03
5.749738e-03
5.982138e-03
6.215575e-03
6.441350e-03
6.664200e-03
6.860800e-03
7.011287e-03
7.165275e-03
7.364113e-03
7.573275e-03
7.730288e-03
7.793762e-03
7.737125e-03
7.487538e-03
7.090800e-03
6.607188e-03
5.913225e-03
5.323713e-03
5.132725e-03
5.152120e-03
5.160349e-03
5.133327e-03
5.098919e-03
5.048964e-03
4.941631e-03
4.848245e-03
4.764891e-03
4.546235e-03
4.222164e-03
3.982824e-03
3.880710e-03
3.818981e-03
3.729656e-03
3.596710e-03
3.425001e-03
3.196766e-03
2.900384e-03
2.569059e-03
2.204791e-03
1.808906e-03
1.449828e-03
1.165264e-03
9.417873e-04
7.715549e-04
6.606532e-04
6.085060e-04
5.929009e-04
5.829181e-04
5.694144e-04
5.614451e-04
5.626079e-04
5.714723e-04
5.871558e-04
6.097556e-04
6.357515e-04
6.562513e-04
6.676116e-04
6.754979e-04
6.721864e-04
6.393193e-04
5.843788e-04
5.163465e-04
4.576256e-04
4.181439e-04
3.796465e-04
3.462821e-04
3.173476e-04
2.934771e-04
2.754195e-04
2.605470e-04
2.495570e-04
2.387489e-04
2.287140e-04
2.207818e-04
2.128111e-04
2.047881e-04
1.958299e-04
1.866368e-04
1.728216e-04
1.485879e-04
1.245222e-04
9.912284e-05
7.516035e-05
5.957070e-05
4.813474e-05
3.960716e-05
3.469262e-05
3.152081e-05
2.939462e-05
2.842698e-05
2.803585e-05
2.804589e-05
2.855238e-05
2.936675e-05
3.017323e-05
3.119191e-05
3.269801e-05
