
9.008000e-04
9.216000e-04
9.408000e-04
9.589000e-04
9.758000e-04
9.930000e-04
1.010000e-03
1.023000e-03
1.032000e-03
1.036000e-03
1.043000e-03
1.058000e-03
1.073000e-03
1.086000e-03
1.094000e-03
1.095000e-03
1.093000e-03
1.087000e-03
1.068000e-03
1.031000e-03
9.693000e-04
8.832000e-04
7.940000e-04
7.429000e-04
7.251000e-04
7.046000e-04
6.788000e-04
6.506000e-04
6.144000e-04
5.673000e-04
5.262000e-04
4.979000e-04
4.732000e-04
4.413000e-04
3.991000e-04
3.490000e-04
2.903000e-04
2.344000e-04
1.875000e-04
1.431000e-04
1.136000e-04
1.015000e-04
9.646000e-05
9.159000e-05
8.632000e-05
8.135000e-05
7.651000e-05
7.105000e-05
6.636000e-05
6.223000e-05
5.648000e-05
4.991000e-05
4.509000e-05
4.228000e-05
4.015000e-05
3.785000e-05
3.528000e-05
3.251000e-05
2.943000e-05
2.597000e-05
2.247000e-05
1.893000e-05
1.535000e-05
1.222000e-05
9.760000e-06
7.838000e-06
6.369000e-06
5.386000e-06
4.878000e-06
4.657000e-06
4.485000e-06
4.295000e-06
4.151000e-06
4.073000e-06
4.048000e-06
4.066000e-06
4.125000e-06
4.202000e-06
4.240000e-06
4.223000e-06
4.173000e-06
4.051000e-06
3.774000e-06
3.390000e-06
2.952000e-06
2.575000e-06
2.311000e-06
2.062000e-06
1.847000e-06
1.661000e-06
1.507000e-06
1.386000e-06
1.286000e-06
1.206000e-06
1.131000e-06
1.062000e-06
1.004000e-06
9.487000e-07
8.949000e-07
8.391000e-07
7.845000e-07
7.132000e-07
6.032000e-07
4.973000e-07
3.897000e-07
2.908000e-07
2.266000e-07
1.799000e-07
1.453000e-07
1.250000e-07
1.115000e-07
1.020000e-07
9.687000e-08
9.378000e-08
9.210000e-08
9.207000e-08
9.298000e-08
9.382000e-08
9.526000e-08
9.810000e-08
1.431000e-03
1.491000e-03
1.552000e-03
1.615000e-03
1.679000e-03
1.746000e-03
1.816000e-03
1.885000e-03
1.951000e-03
2.014000e-03
2.083000e-03
2.167000e-03
2.256000e-03
2.345000e-03
2.431000e-03
2.509000e-03
2.585000e-03
2.659000e-03
2.708000e-03
2.725000e-03
2.686000e-03
2.579000e-03
2.444000e-03
2.388000e-03
2.414000e-03
2.430000e-03
2.428000e-03
2.413000e-03
2.367000e-03
2.272000e-03
2.187000e-03
2.141000e-03
2.103000e-03
2.028000e-03
1.897000e-03
1.714000e-03
1.472000e-03
1.224000e-03
1.006000e-03
7.877000e-04
6.401000e-04
5.853000e-04
5.695000e-04
5.532000e-04
5.333000e-04
5.140000e-04
4.942000e-04
4.690000e-04
4.476000e-04
4.289000e-04
3.974000e-04
3.584000e-04
3.305000e-04
3.164000e-04
3.067000e-04
2.951000e-04
2.806000e-04
2.638000e-04
2.435000e-04
2.191000e-04
1.933000e-04
1.660000e-04
1.372000e-04
1.113000e-04
9.065000e-05
7.426000e-05
6.157000e-05
5.314000e-05
4.907000e-05
4.775000e-05
4.686000e-05
4.572000e-05
4.501000e-05
4.499000e-05
4.553000e-05
4.658000e-05
4.812000e-05
4.991000e-05
5.127000e-05
5.197000e-05
5.241000e-05
5.204000e-05
4.958000e-05
4.554000e-05
4.052000e-05
3.613000e-05
3.314000e-05
3.021000e-05
2.764000e-05
2.540000e-05
2.354000e-05
2.212000e-05
2.094000e-05
2.006000e-05
1.920000e-05
1.840000e-05
1.776000e-05
1.712000e-05
1.648000e-05
1.576000e-05
1.503000e-05
1.393000e-05
1.201000e-05
1.010000e-05
8.063000e-06
6.132000e-06
4.869000e-06
3.938000e-06
3.242000e-06
2.840000e-06
2.579000e-06
2.404000e-06
2.324000e-06
2.290000e-06
2.290000e-06
2.329000e-06
2.394000e-06
2.458000e-06
2.539000e-06
2.659000e-06
2.054000e-03
2.155000e-03
2.260000e-03
2.369000e-03
2.483000e-03
2.603000e-03
2.730000e-03
2.859000e-03
2.990000e-03
3.123000e-03
3.266000e-03
3.426000e-03
3.596000e-03
3.771000e-03
3.950000e-03
4.126000e-03
4.307000e-03
4.491000e-03
4.657000e-03
4.795000e-03
4.878000e-03
4.882000e-03
4.839000e-03
4.880000e-03
5.028000e-03
5.165000e-03
5.278000e-03
5.373000e-03
5.416000e-03
5.373000e-03
5.332000e-03
5.351000e-03
5.379000e-03
5.326000e-03
5.141000e-03
4.810000e-03
4.289000e-03
3.688000e-03
3.108000e-03
2.480000e-03
2.037000e-03
1.876000e-03
1.838000e-03
1.798000e-03
1.743000e-03
1.689000e-03
1.632000e-03
1.556000e-03
1.490000e-03
1.433000e-03
1.331000e-03
1.201000e-03
1.109000e-03
1.064000e-03
1.034000e-03
9.973000e-04
9.498000e-04
8.937000e-04
8.252000e-04
7.420000e-04
6.537000e-04
5.604000e-04
4.620000e-04
3.741000e-04
3.044000e-04
2.492000e-04
2.065000e-04
1.783000e-04
1.648000e-04
1.606000e-04
1.578000e-04
1.542000e-04
1.520000e-04
1.521000e-04
1.542000e-04
1.580000e-04
1.635000e-04
1.698000e-04
1.747000e-04
1.774000e-04
1.791000e-04
1.781000e-04
1.698000e-04
1.561000e-04
1.389000e-04
1.239000e-04
1.137000e-04
1.037000e-04
9.497000e-05
8.732000e-05
8.097000e-05
7.615000e-05
7.215000e-05
6.919000e-05
6.626000e-05
6.355000e-05
6.139000e-05
5.922000e-05
5.703000e-05
5.459000e-05
5.209000e-05
4.831000e-05
4.167000e-05
3.504000e-05
2.799000e-05
2.129000e-05
1.691000e-05
1.368000e-05
1.127000e-05
9.876000e-06
8.976000e-06
8.371000e-06
8.095000e-06
7.983000e-06
7.985000e-06
8.128000e-06
8.357000e-06
8.584000e-06
8.871000e-06
9.297000e-06
2.341000e-03
2.457000e-03
2.579000e-03
2.707000e-03
2.840000e-03
2.981000e-03
3.130000e-03
3.284000e-03
3.442000e-03
3.605000e-03
3.779000e-03
3.970000e-03
4.172000e-03
4.382000e-03
4.598000e-03
4.818000e-03
5.045000e-03
5.280000e-03
5.505000e-03
5.714000e-03
5.883000e-03
5.990000e-03
6.056000e-03
6.194000e-03
6.427000e-03
6.656000e-03
6.865000e-03
7.062000e-03
7.212000e-03
7.280000e-03
7.346000e-03
7.470000e-03
7.604000e-03
7.649000e-03
7.543000e-03
7.253000e-03
6.693000e-03
5.968000e-03
5.197000e-03
4.277000e-03
3.585000e-03
3.334000e-03
3.286000e-03
3.231000e-03
3.150000e-03
3.068000e-03
2.979000e-03
2.851000e-03
2.742000e-03
2.645000e-03
2.463000e-03
2.227000e-03
2.058000e-03
1.977000e-03
1.924000e-03
1.858000e-03
1.770000e-03
1.666000e-03
1.537000e-03
1.380000e-03
1.212000e-03
1.036000e-03
8.507000e-04
6.860000e-04
5.563000e-04
4.542000e-04
3.757000e-04
3.240000e-04
2.994000e-04
2.918000e-04
2.868000e-04
2.803000e-04
2.763000e-04
2.767000e-04
2.806000e-04
2.876000e-04
2.978000e-04
3.096000e-04
3.188000e-04
3.237000e-04
3.271000e-04
3.253000e-04
3.101000e-04
2.848000e-04
2.533000e-04
2.258000e-04
2.071000e-04
1.888000e-04
1.728000e-04
1.588000e-04
1.473000e-04
1.385000e-04
1.312000e-04
1.258000e-04
1.205000e-04
1.155000e-04
1.116000e-04
1.077000e-04
1.037000e-04
9.925000e-05
9.469000e-05
8.782000e-05
7.572000e-05
6.364000e-05
5.082000e-05
3.864000e-05
3.069000e-05
2.483000e-05
2.045000e-05
1.792000e-05
1.629000e-05
1.519000e-05
1.469000e-05
1.449000e-05
1.449000e-05
1.475000e-05
1.517000e-05
1.559000e-05
1.611000e-05
1.688000e-05
2.565000e-03
2.692000e-03
2.826000e-03
2.966000e-03
3.114000e-03
3.270000e-03
3.434000e-03
3.606000e-03
3.784000e-03
3.969000e-03
4.166000e-03
4.379000e-03
4.603000e-03
4.839000e-03
5.083000e-03
5.335000e-03
5.598000e-03
5.871000e-03
6.145000e-03
6.413000e-03
6.659000e-03
6.867000e-03
7.049000e-03
7.287000e-03
7.601000e-03
7.918000e-03
8.227000e-03
8.532000e-03
8.806000e-03
9.018000e-03
9.231000e-03
9.493000e-03
9.767000e-03
9.968000e-03
1.003000e-02
9.911000e-03
9.496000e-03
8.842000e-03
8.049000e-03
6.957000e-03
6.053000e-03
5.730000e-03
5.701000e-03
5.657000e-03
5.568000e-03
5.472000e-03
5.360000e-03
5.178000e-03
5.020000e-03
4.879000e-03
4.581000e-03
4.175000e-03
3.881000e-03
3.745000e-03
3.658000e-03
3.543000e-03
3.386000e-03
3.193000e-03
2.950000e-03
2.648000e-03
2.324000e-03
1.979000e-03
1.617000e-03
1.296000e-03
1.045000e-03
8.488000e-04
6.993000e-04
6.014000e-04
5.551000e-04
5.410000e-04
5.318000e-04
5.197000e-04
5.124000e-04
5.132000e-04
5.208000e-04
5.343000e-04
5.538000e-04
5.764000e-04
5.940000e-04
6.036000e-04
6.102000e-04
6.070000e-04
5.783000e-04
5.303000e-04
4.706000e-04
4.187000e-04
3.836000e-04
3.493000e-04
3.194000e-04
2.933000e-04
2.717000e-04
2.553000e-04
2.418000e-04
2.318000e-04
2.220000e-04
2.128000e-04
2.055000e-04
1.982000e-04
1.909000e-04
1.827000e-04
1.742000e-04
1.615000e-04
1.392000e-04
1.169000e-04
9.322000e-05
7.083000e-05
5.622000e-05
4.547000e-05
3.743000e-05
3.280000e-05
2.981000e-05
2.781000e-05
2.689000e-05
2.652000e-05
2.653000e-05
2.701000e-05
2.778000e-05
2.854000e-05
2.950000e-05
3.092000e-05
2.698000e-03
2.832000e-03
2.972000e-03
3.119000e-03
3.275000e-03
3.439000e-03
3.612000e-03
3.793000e-03
3.983000e-03
4.181000e-03
4.391000e-03
4.616000e-03
4.854000e-03
5.103000e-03
5.363000e-03
5.634000e-03
5.917000e-03
6.214000e-03
6.516000e-03
6.821000e-03
7.117000e-03
7.394000e-03
7.658000e-03
7.966000e-03
8.334000e-03
8.712000e-03
9.090000e-03
9.473000e-03
9.840000e-03
1.017000e-02
1.050000e-02
1.088000e-02
1.127000e-02
1.161000e-02
1.185000e-02
1.193000e-02
1.175000e-02
1.133000e-02
1.071000e-02
9.701000e-03
8.785000e-03
8.484000e-03
8.525000e-03
8.544000e-03
8.503000e-03
8.446000e-03
8.361000e-03
8.176000e-03
8.014000e-03
7.866000e-03
7.485000e-03
6.924000e-03
6.509000e-03
6.327000e-03
6.217000e-03
6.058000e-03
5.827000e-03
5.530000e-03
5.141000e-03
4.642000e-03
4.090000e-03
3.491000e-03
2.849000e-03
2.275000e-03
1.824000e-03
1.474000e-03
1.208000e-03
1.035000e-03
9.538000e-04
9.294000e-04
9.136000e-04
8.925000e-04
8.800000e-04
8.819000e-04
8.955000e-04
9.197000e-04
9.547000e-04
9.951000e-04
1.027000e-03
1.044000e-03
1.056000e-03
1.051000e-03
1.000000e-03
9.149000e-04
8.094000e-04
7.181000e-04
6.566000e-04
5.967000e-04
5.447000e-04
4.995000e-04
4.622000e-04
4.340000e-04
4.107000e-04
3.935000e-04
3.766000e-04
3.608000e-04
3.484000e-04
3.359000e-04
3.233000e-04
3.093000e-04
2.948000e-04
2.731000e-04
2.350000e-04
1.970000e-04
1.570000e-04
1.191000e-04
9.445000e-05
7.634000e-05
6.282000e-05
5.504000e-05
5.001000e-05
4.664000e-05
4.511000e-05
4.449000e-05
4.451000e-05
4.531000e-05
4.660000e-05
4.788000e-05
4.950000e-05
5.189000e-05
2.717000e-03
2.851000e-03
2.992000e-03
3.141000e-03
3.297000e-03
3.463000e-03
3.637000e-03
3.819000e-03
4.011000e-03
4.211000e-03
4.422000e-03
4.649000e-03
4.888000e-03
5.140000e-03
5.402000e-03
5.676000e-03
5.962000e-03
6.262000e-03
6.568000e-03
6.878000e-03
7.182000e-03
7.468000e-03
7.744000e-03
8.063000e-03
8.440000e-03
8.826000e-03
9.215000e-03
9.610000e-03
9.991000e-03
1.034000e-02
1.069000e-02
1.109000e-02
1.150000e-02
1.186000e-02
1.212000e-02
1.225000e-02
1.212000e-02
1.174000e-02
1.117000e-02
1.020000e-02
9.306000e-03
9.021000e-03
9.081000e-03
9.118000e-03
9.093000e-03
9.051000e-03
8.979000e-03
8.802000e-03
8.646000e-03
8.505000e-03
8.116000e-03
7.532000e-03
7.100000e-03
6.914000e-03
6.802000e-03
6.638000e-03
6.395000e-03
6.079000e-03
5.662000e-03
5.121000e-03
4.519000e-03
3.862000e-03
3.154000e-03
2.518000e-03
2.019000e-03
1.629000e-03
1.334000e-03
1.142000e-03
1.052000e-03
1.025000e-03
1.008000e-03
9.846000e-04
9.707000e-04
9.729000e-04
9.881000e-04
1.015000e-03
1.054000e-03
1.099000e-03
1.134000e-03
1.154000e-03
1.167000e-03
1.162000e-03
1.105000e-03
1.010000e-03
8.931000e-04
7.918000e-04
7.237000e-04
6.574000e-04
5.999000e-04
5.499000e-04
5.087000e-04
4.775000e-04
4.518000e-04
4.328000e-04
4.141000e-04
3.968000e-04
3.831000e-04
3.693000e-04
3.554000e-04
3.399000e-04
3.240000e-04
3.001000e-04
2.581000e-04
2.164000e-04
1.723000e-04
1.307000e-04
1.036000e-04
8.374000e-05
6.890000e-05
6.036000e-05
5.485000e-05
5.115000e-05
4.947000e-05
4.879000e-05
4.881000e-05
4.969000e-05
5.111000e-05
5.251000e-05
5.429000e-05
5.691000e-05
2.796000e-03
2.934000e-03
3.079000e-03
3.231000e-03
3.392000e-03
3.562000e-03
3.741000e-03
3.929000e-03
4.127000e-03
4.334000e-03
4.554000e-03
4.787000e-03
5.034000e-03
5.293000e-03
5.565000e-03
5.849000e-03
6.148000e-03
6.461000e-03
6.784000e-03
7.117000e-03
7.451000e-03
7.782000e-03
8.111000e-03
8.477000e-03
8.888000e-03
9.313000e-03
9.749000e-03
1.020000e-02
1.064000e-02
1.107000e-02
1.151000e-02
1.199000e-02
1.249000e-02
1.296000e-02
1.337000e-02
1.368000e-02
1.379000e-02
1.370000e-02
1.343000e-02
1.276000e-02
1.207000e-02
1.193000e-02
1.212000e-02
1.229000e-02
1.239000e-02
1.247000e-02
1.251000e-02
1.243000e-02
1.236000e-02
1.230000e-02
1.194000e-02
1.131000e-02
1.083000e-02
1.066000e-02
1.057000e-02
1.041000e-02
1.013000e-02
9.742000e-03
9.186000e-03
8.425000e-03
7.538000e-03
6.525000e-03
5.386000e-03
4.326000e-03
3.473000e-03
2.797000e-03
2.281000e-03
1.946000e-03
1.789000e-03
1.743000e-03
1.714000e-03
1.674000e-03
1.651000e-03
1.655000e-03
1.683000e-03
1.732000e-03
1.802000e-03
1.882000e-03
1.946000e-03
1.982000e-03
2.008000e-03
1.998000e-03
1.898000e-03
1.730000e-03
1.522000e-03
1.344000e-03
1.225000e-03
1.109000e-03
1.009000e-03
9.229000e-04
8.519000e-04
7.984000e-04
7.545000e-04
7.221000e-04
6.902000e-04
6.608000e-04
6.375000e-04
6.141000e-04
5.906000e-04
5.643000e-04
5.375000e-04
4.971000e-04
4.264000e-04
3.566000e-04
2.832000e-04
2.143000e-04
1.696000e-04
1.369000e-04
1.126000e-04
9.858000e-05
8.954000e-05
8.349000e-05
8.074000e-05
7.963000e-05
7.966000e-05
8.111000e-05
8.343000e-05
8.573000e-05
8.863000e-05
9.293000e-05