2.565000e-03
2.692000e-03
2.826000e-03
2.966000e-03
3.114000e-03
3.270000e-03
3.434000e-03
3.606000e-03
3.784000e-03
3.969000e-03
4.166000e-03
4.379000e-03
4.603000e-03
4.839000e-03
5.083000e-03
5.335000e-03
5.598000e-03
5.871000e-03
6.145000e-03
6.413000e-03
6.659000e-03
6.867000e-03
7.049000e-03
7.287000e-03
7.601000e-03
7.918000e-03
8.227000e-03
8.532000e-03
8.806000e-03
9.018000e-03
9.231000e-03
9.493000e-03
9.767000e-03
9.968000e-03
1.003000e-02
9.911000e-03
9.496000e-03
8.842000e-03
8.049000e-03
6.957000e-03
6.053000e-03
5.730000e-03
5.701000e-03
5.657000e-03
5.568000e-03
5.472000e-03
5.360000e-03
5.178000e-03
5.020000e-03
4.879000e-03
4.581000e-03
4.175000e-03
3.881000e-03
3.745000e-03
3.658000e-03
3.543000e-03
3.386000e-03
3.193000e-03
2.950000e-03
2.648000e-03
2.324000e-03
1.979000e-03
1.617000e-03
1.296000e-03
1.045000e-03
8.488000e-04
6.993000e-04
6.014000e-04
5.551000e-04
5.410000e-04
5.318000e-04
5.197000e-04
5.124000e-04
5.132000e-04
5.208000e-04
5.343000e-04
5.538000e-04
5.764000e-04
5.940000e-04
6.036000e-04
6.102000e-04
6.070000e-04
5.783000e-04
5.303000e-04
4.706000e-04
4.187000e-04
3.836000e-04
3.493000e-04
3.194000e-04
2.933000e-04
2.717000e-04
2.553000e-04
2.418000e-04
2.318000e-04
2.220000e-04
2.128000e-04
2.055000e-04
1.982000e-04
1.909000e-04
1.827000e-04
1.742000e-04
1.615000e-04
1.392000e-04
1.169000e-04
9.322000e-05
7.083000e-05
5.622000e-05
4.547000e-05
3.743000e-05
3.280000e-05
2.981000e-05
2.781000e-05
2.689000e-05
2.652000e-05
2.653000e-05
2.701000e-05
2.778000e-05
2.854000e-05
2.950000e-05
3.092000e-05
