2.796000e-03
2.934000e-03
3.079000e-03
3.231000e-03
3.392000e-03
3.562000e-03
3.741000e-03
3.929000e-03
4.127000e-03
4.334000e-03
4.554000e-03
4.787000e-03
5.034000e-03
5.293000e-03
5.565000e-03
5.849000e-03
6.148000e-03
6.461000e-03
6.784000e-03
7.117000e-03
7.451000e-03
7.782000e-03
8.111000e-03
8.477000e-03
8.888000e-03
9.313000e-03
9.749000e-03
1.020000e-02
1.064000e-02
1.107000e-02
1.151000e-02
1.199000e-02
1.249000e-02
1.296000e-02
1.337000e-02
1.368000e-02
1.379000e-02
1.370000e-02
1.343000e-02
1.276000e-02
1.207000e-02
1.193000e-02
1.212000e-02
1.229000e-02
1.239000e-02
1.247000e-02
1.251000e-02
1.243000e-02
1.236000e-02
1.230000e-02
1.194000e-02
1.131000e-02
1.083000e-02
1.066000e-02
1.057000e-02
1.041000e-02
1.013000e-02
9.742000e-03
9.186000e-03
8.425000e-03
7.538000e-03
6.525000e-03
5.386000e-03
4.326000e-03
3.473000e-03
2.797000e-03
2.281000e-03
1.946000e-03
1.789000e-03
1.743000e-03
1.714000e-03
1.674000e-03
1.651000e-03
1.655000e-03
1.683000e-03
1.732000e-03
1.802000e-03
1.882000e-03
1.946000e-03
1.982000e-03
2.008000e-03
1.998000e-03
1.898000e-03
1.730000e-03
1.522000e-03
1.344000e-03
1.225000e-03
1.109000e-03
1.009000e-03
9.229000e-04
8.519000e-04
7.984000e-04
7.545000e-04
7.221000e-04
6.902000e-04
6.608000e-04
6.375000e-04
6.141000e-04
5.906000e-04
5.643000e-04
5.375000e-04
4.971000e-04
4.264000e-04
3.566000e-04
2.832000e-04
2.143000e-04
1.696000e-04
1.369000e-04
1.126000e-04
9.858000e-05
8.954000e-05
8.349000e-05
8.074000e-05
7.963000e-05
7.966000e-05
8.111000e-05
8.343000e-05
8.573000e-05
8.863000e-05
9.293000e-05
