2.341000e-03
2.457000e-03
2.579000e-03
2.707000e-03
2.840000e-03
2.981000e-03
3.130000e-03
3.284000e-03
3.442000e-03
3.605000e-03
3.779000e-03
3.970000e-03
4.172000e-03
4.382000e-03
4.598000e-03
4.818000e-03
5.045000e-03
5.280000e-03
5.505000e-03
5.714000e-03
5.883000e-03
5.990000e-03
6.056000e-03
6.194000e-03
6.427000e-03
6.656000e-03
6.865000e-03
7.062000e-03
7.212000e-03
7.280000e-03
7.346000e-03
7.470000e-03
7.604000e-03
7.649000e-03
7.543000e-03
7.253000e-03
6.693000e-03
5.968000e-03
5.197000e-03
4.277000e-03
3.585000e-03
3.334000e-03
3.286000e-03
3.231000e-03
3.150000e-03
3.068000e-03
2.979000e-03
2.851000e-03
2.742000e-03
2.645000e-03
2.463000e-03
2.227000e-03
2.058000e-03
1.977000e-03
1.924000e-03
1.858000e-03
1.770000e-03
1.666000e-03
1.537000e-03
1.380000e-03
1.212000e-03
1.036000e-03
8.507000e-04
6.860000e-04
5.563000e-04
4.542000e-04
3.757000e-04
3.240000e-04
2.994000e-04
2.918000e-04
2.868000e-04
2.803000e-04
2.763000e-04
2.767000e-04
2.806000e-04
2.876000e-04
2.978000e-04
3.096000e-04
3.188000e-04
3.237000e-04
3.271000e-04
3.253000e-04
3.101000e-04
2.848000e-04
2.533000e-04
2.258000e-04
2.071000e-04
1.888000e-04
1.728000e-04
1.588000e-04
1.473000e-04
1.385000e-04
1.312000e-04
1.258000e-04
1.205000e-04
1.155000e-04
1.116000e-04
1.077000e-04
1.037000e-04
9.925000e-05
9.469000e-05
8.782000e-05
7.572000e-05
6.364000e-05
5.082000e-05
3.864000e-05
3.069000e-05
2.483000e-05
2.045000e-05
1.792000e-05
1.629000e-05
1.519000e-05
1.469000e-05
1.449000e-05
1.449000e-05
1.475000e-05
1.517000e-05
1.559000e-05
1.611000e-05
1.688000e-05
