9.008000e-04
9.216000e-04
9.408000e-04
9.589000e-04
9.758000e-04
9.930000e-04
1.010000e-03
1.023000e-03
1.032000e-03
1.036000e-03
1.043000e-03
1.058000e-03
1.073000e-03
1.086000e-03
1.094000e-03
1.095000e-03
1.093000e-03
1.087000e-03
1.068000e-03
1.031000e-03
9.693000e-04
8.832000e-04
7.940000e-04
7.429000e-04
7.251000e-04
7.046000e-04
6.788000e-04
6.506000e-04
6.144000e-04
5.673000e-04
5.262000e-04
4.979000e-04
4.732000e-04
4.413000e-04
3.991000e-04
3.490000e-04
2.903000e-04
2.344000e-04
1.875000e-04
1.431000e-04
1.136000e-04
1.015000e-04
9.646000e-05
9.159000e-05
8.632000e-05
8.135000e-05
7.651000e-05
7.105000e-05
6.636000e-05
6.223000e-05
5.648000e-05
4.991000e-05
4.509000e-05
4.228000e-05
4.015000e-05
3.785000e-05
3.528000e-05
3.251000e-05
2.943000e-05
2.597000e-05
2.247000e-05
1.893000e-05
1.535000e-05
1.222000e-05
9.760000e-06
7.838000e-06
6.369000e-06
5.386000e-06
4.878000e-06
4.657000e-06
4.485000e-06
4.295000e-06
4.151000e-06
4.073000e-06
4.048000e-06
4.066000e-06
4.125000e-06
4.202000e-06
4.240000e-06
4.223000e-06
4.173000e-06
4.051000e-06
3.774000e-06
3.390000e-06
2.952000e-06
2.575000e-06
2.311000e-06
2.062000e-06
1.847000e-06
1.661000e-06
1.507000e-06
1.386000e-06
1.286000e-06
1.206000e-06
1.131000e-06
1.062000e-06
1.004000e-06
9.487000e-07
8.949000e-07
8.391000e-07
7.845000e-07
7.132000e-07
6.032000e-07
4.973000e-07
3.897000e-07
2.908000e-07
2.266000e-07
1.799000e-07
1.453000e-07
1.250000e-07
1.115000e-07
1.020000e-07
9.687000e-08
9.378000e-08
9.210000e-08
9.207000e-08
9.298000e-08
9.382000e-08
9.526000e-08
9.810000e-08
