1.431000e-03
1.491000e-03
1.552000e-03
1.615000e-03
1.679000e-03
1.746000e-03
1.816000e-03
1.885000e-03
1.951000e-03
2.014000e-03
2.083000e-03
2.167000e-03
2.256000e-03
2.345000e-03
2.431000e-03
2.509000e-03
2.585000e-03
2.659000e-03
2.708000e-03
2.725000e-03
2.686000e-03
2.579000e-03
2.444000e-03
2.388000e-03
2.414000e-03
2.430000e-03
2.428000e-03
2.413000e-03
2.367000e-03
2.272000e-03
2.187000e-03
2.141000e-03
2.103000e-03
2.028000e-03
1.897000e-03
1.714000e-03
1.472000e-03
1.224000e-03
1.006000e-03
7.877000e-04
6.401000e-04
5.853000e-04
5.695000e-04
5.532000e-04
5.333000e-04
5.140000e-04
4.942000e-04
4.690000e-04
4.476000e-04
4.289000e-04
3.974000e-04
3.584000e-04
3.305000e-04
3.164000e-04
3.067000e-04
2.951000e-04
2.806000e-04
2.638000e-04
2.435000e-04
2.191000e-04
1.933000e-04
1.660000e-04
1.372000e-04
1.113000e-04
9.065000e-05
7.426000e-05
6.157000e-05
5.314000e-05
4.907000e-05
4.775000e-05
4.686000e-05
4.572000e-05
4.501000e-05
4.499000e-05
4.553000e-05
4.658000e-05
4.812000e-05
4.991000e-05
5.127000e-05
5.197000e-05
5.241000e-05
5.204000e-05
4.958000e-05
4.554000e-05
4.052000e-05
3.613000e-05
3.314000e-05
3.021000e-05
2.764000e-05
2.540000e-05
2.354000e-05
2.212000e-05
2.094000e-05
2.006000e-05
1.920000e-05
1.840000e-05
1.776000e-05
1.712000e-05
1.648000e-05
1.576000e-05
1.503000e-05
1.393000e-05
1.201000e-05
1.010000e-05
8.063000e-06
6.132000e-06
4.869000e-06
3.938000e-06
3.242000e-06
2.840000e-06
2.579000e-06
2.404000e-06
2.324000e-06
2.290000e-06
2.290000e-06
2.329000e-06
2.394000e-06
2.458000e-06
2.539000e-06
2.659000e-06
