2.717000e-03
2.851000e-03
2.992000e-03
3.141000e-03
3.297000e-03
3.463000e-03
3.637000e-03
3.819000e-03
4.011000e-03
4.211000e-03
4.422000e-03
4.649000e-03
4.888000e-03
5.140000e-03
5.402000e-03
5.676000e-03
5.962000e-03
6.262000e-03
6.568000e-03
6.878000e-03
7.182000e-03
7.468000e-03
7.744000e-03
8.063000e-03
8.440000e-03
8.826000e-03
9.215000e-03
9.610000e-03
9.991000e-03
1.034000e-02
1.069000e-02
1.109000e-02
1.150000e-02
1.186000e-02
1.212000e-02
1.225000e-02
1.212000e-02
1.174000e-02
1.117000e-02
1.020000e-02
9.306000e-03
9.021000e-03
9.081000e-03
9.118000e-03
9.093000e-03
9.051000e-03
8.979000e-03
8.802000e-03
8.646000e-03
8.505000e-03
8.116000e-03
7.532000e-03
7.100000e-03
6.914000e-03
6.802000e-03
6.638000e-03
6.395000e-03
6.079000e-03
5.662000e-03
5.121000e-03
4.519000e-03
3.862000e-03
3.154000e-03
2.518000e-03
2.019000e-03
1.629000e-03
1.334000e-03
1.142000e-03
1.052000e-03
1.025000e-03
1.008000e-03
9.846000e-04
9.707000e-04
9.729000e-04
9.881000e-04
1.015000e-03
1.054000e-03
1.099000e-03
1.134000e-03
1.154000e-03
1.167000e-03
1.162000e-03
1.105000e-03
1.010000e-03
8.931000e-04
7.918000e-04
7.237000e-04
6.574000e-04
5.999000e-04
5.499000e-04
5.087000e-04
4.775000e-04
4.518000e-04
4.328000e-04
4.141000e-04
3.968000e-04
3.831000e-04
3.693000e-04
3.554000e-04
3.399000e-04
3.240000e-04
3.001000e-04
2.581000e-04
2.164000e-04
1.723000e-04
1.307000e-04
1.036000e-04
8.374000e-05
6.890000e-05
6.036000e-05
5.485000e-05
5.115000e-05
4.947000e-05
4.879000e-05
4.881000e-05
4.969000e-05
5.111000e-05
5.251000e-05
5.429000e-05
5.691000e-05
