2.054000e-03
2.155000e-03
2.260000e-03
2.369000e-03
2.483000e-03
2.603000e-03
2.730000e-03
2.859000e-03
2.990000e-03
3.123000e-03
3.266000e-03
3.426000e-03
3.596000e-03
3.771000e-03
3.950000e-03
4.126000e-03
4.307000e-03
4.491000e-03
4.657000e-03
4.795000e-03
4.878000e-03
4.882000e-03
4.839000e-03
4.880000e-03
5.028000e-03
5.165000e-03
5.278000e-03
5.373000e-03
5.416000e-03
5.373000e-03
5.332000e-03
5.351000e-03
5.379000e-03
5.326000e-03
5.141000e-03
4.810000e-03
4.289000e-03
3.688000e-03
3.108000e-03
2.480000e-03
2.037000e-03
1.876000e-03
1.838000e-03
1.798000e-03
1.743000e-03
1.689000e-03
1.632000e-03
1.556000e-03
1.490000e-03
1.433000e-03
1.331000e-03
1.201000e-03
1.109000e-03
1.064000e-03
1.034000e-03
9.973000e-04
9.498000e-04
8.937000e-04
8.252000e-04
7.420000e-04
6.537000e-04
5.604000e-04
4.620000e-04
3.741000e-04
3.044000e-04
2.492000e-04
2.065000e-04
1.783000e-04
1.648000e-04
1.606000e-04
1.578000e-04
1.542000e-04
1.520000e-04
1.521000e-04
1.542000e-04
1.580000e-04
1.635000e-04
1.698000e-04
1.747000e-04
1.774000e-04
1.791000e-04
1.781000e-04
1.698000e-04
1.561000e-04
1.389000e-04
1.239000e-04
1.137000e-04
1.037000e-04
9.497000e-05
8.732000e-05
8.097000e-05
7.615000e-05
7.215000e-05
6.919000e-05
6.626000e-05
6.355000e-05
6.139000e-05
5.922000e-05
5.703000e-05
5.459000e-05
5.209000e-05
4.831000e-05
4.167000e-05
3.504000e-05
2.799000e-05
2.129000e-05
1.691000e-05
1.368000e-05
1.127000e-05
9.876000e-06
8.976000e-06
8.371000e-06
8.095000e-06
7.983000e-06
7.985000e-06
8.128000e-06
8.357000e-06
8.584000e-06
8.871000e-06
9.297000e-06
