2.698000e-03
2.832000e-03
2.972000e-03
3.119000e-03
3.275000e-03
3.439000e-03
3.612000e-03
3.793000e-03
3.983000e-03
4.181000e-03
4.391000e-03
4.616000e-03
4.854000e-03
5.103000e-03
5.363000e-03
5.634000e-03
5.917000e-03
6.214000e-03
6.516000e-03
6.821000e-03
7.117000e-03
7.394000e-03
7.658000e-03
7.966000e-03
8.334000e-03
8.712000e-03
9.090000e-03
9.473000e-03
9.840000e-03
1.017000e-02
1.050000e-02
1.088000e-02
1.127000e-02
1.161000e-02
1.185000e-02
1.193000e-02
1.175000e-02
1.133000e-02
1.071000e-02
9.701000e-03
8.785000e-03
8.484000e-03
8.525000e-03
8.544000e-03
8.503000e-03
8.446000e-03
8.361000e-03
8.176000e-03
8.014000e-03
7.866000e-03
7.485000e-03
6.924000e-03
6.509000e-03
6.327000e-03
6.217000e-03
6.058000e-03
5.827000e-03
5.530000e-03
5.141000e-03
4.642000e-03
4.090000e-03
3.491000e-03
2.849000e-03
2.275000e-03
1.824000e-03
1.474000e-03
1.208000e-03
1.035000e-03
9.538000e-04
9.294000e-04
9.136000e-04
8.925000e-04
8.800000e-04
8.819000e-04
8.955000e-04
9.197000e-04
9.547000e-04
9.951000e-04
1.027000e-03
1.044000e-03
1.056000e-03
1.051000e-03
1.000000e-03
9.149000e-04
8.094000e-04
7.181000e-04
6.566000e-04
5.967000e-04
5.447000e-04
4.995000e-04
4.622000e-04
4.340000e-04
4.107000e-04
3.935000e-04
3.766000e-04
3.608000e-04
3.484000e-04
3.359000e-04
3.233000e-04
3.093000e-04
2.948000e-04
2.731000e-04
2.350000e-04
1.970000e-04
1.570000e-04
1.191000e-04
9.445000e-05
7.634000e-05
6.282000e-05
5.504000e-05
5.001000e-05
4.664000e-05
4.511000e-05
4.449000e-05
4.451000e-05
4.531000e-05
4.660000e-05
4.788000e-05
4.950000e-05
5.189000e-05
