1.451000e-03
1.346000e-03
1.228000e-03
1.128000e-03
1.052000e-03
9.789000e-04
9.173000e-04
8.887000e-04
9.019000e-04
9.489000e-04
1.009000e-03
1.058000e-03
1.091000e-03
1.134000e-03
1.191000e-03
1.251000e-03
1.301000e-03
1.352000e-03
1.416000e-03
1.531000e-03
1.714000e-03
1.976000e-03
2.303000e-03
2.699000e-03
3.171000e-03
3.677000e-03
4.164000e-03
4.641000e-03
5.153000e-03
5.683000e-03
6.151000e-03
6.564000e-03
6.855000e-03
6.907000e-03
6.746000e-03
6.469000e-03
6.014000e-03
5.475000e-03
5.016000e-03
4.497000e-03
3.955000e-03
3.609000e-03
3.370000e-03
3.183000e-03
3.041000e-03
2.925000e-03
2.833000e-03
2.735000e-03
2.629000e-03
2.500000e-03
2.262000e-03
1.917000e-03
1.563000e-03
1.295000e-03
1.126000e-03
1.053000e-03
1.081000e-03
1.214000e-03
1.398000e-03
1.495000e-03
1.418000e-03
1.195000e-03
9.157000e-04
6.697000e-04
4.590000e-04
2.862000e-04
1.632000e-04
7.661000e-05
4.477000e-05
3.190000e-05
2.516000e-05
2.079000e-05
1.792000e-05
1.605000e-05
1.480000e-05
1.396000e-05
1.343000e-05
1.306000e-05
1.267000e-05
1.219000e-05
1.168000e-05
1.103000e-05
1.003000e-05
8.811000e-06
7.521000e-06
6.446000e-06
5.692000e-06
5.004000e-06
4.423000e-06
3.930000e-06
3.526000e-06
3.212000e-06
2.951000e-06
2.745000e-06
2.554000e-06
2.380000e-06
2.237000e-06
2.100000e-06
1.970000e-06
1.838000e-06
1.710000e-06
1.548000e-06
1.304000e-06
1.071000e-06
8.365000e-07
6.223000e-07
4.835000e-07
3.829000e-07
3.086000e-07
2.648000e-07
2.372000e-07
2.193000e-07
2.103000e-07
2.057000e-07
2.040000e-07
2.060000e-07
2.102000e-07
2.142000e-07
2.197000e-07
2.285000e-07
