1.432000e-03
1.333000e-03
1.220000e-03
1.123000e-03
1.049000e-03
9.780000e-04
9.176000e-04
8.896000e-04
9.027000e-04
9.491000e-04
1.008000e-03
1.057000e-03
1.090000e-03
1.132000e-03
1.188000e-03
1.247000e-03
1.297000e-03
1.347000e-03
1.410000e-03
1.522000e-03
1.701000e-03
1.954000e-03
2.266000e-03
2.644000e-03
3.093000e-03
3.574000e-03
4.031000e-03
4.475000e-03
4.946000e-03
5.424000e-03
5.840000e-03
6.207000e-03
6.463000e-03
6.495000e-03
6.326000e-03
6.040000e-03
5.578000e-03
5.038000e-03
4.568000e-03
4.040000e-03
3.520000e-03
3.211000e-03
3.012000e-03
2.854000e-03
2.731000e-03
2.628000e-03
2.544000e-03
2.451000e-03
2.352000e-03
2.233000e-03
2.024000e-03
1.725000e-03
1.422000e-03
1.191000e-03
1.043000e-03
9.764000e-04
9.954000e-04
1.099000e-03
1.232000e-03
1.280000e-03
1.192000e-03
9.962000e-04
7.611000e-04
5.568000e-04
3.824000e-04
2.391000e-04
1.368000e-04
6.468000e-05
3.810000e-05
2.735000e-05
2.171000e-05
1.804000e-05
1.563000e-05
1.405000e-05
1.300000e-05
1.231000e-05
1.187000e-05
1.159000e-05
1.126000e-05
1.086000e-05
1.043000e-05
9.864000e-06
8.983000e-06
7.907000e-06
6.759000e-06
5.800000e-06
5.128000e-06
4.513000e-06
3.993000e-06
3.552000e-06
3.190000e-06
2.908000e-06
2.673000e-06
2.489000e-06
2.316000e-06
2.160000e-06
2.031000e-06
1.908000e-06
1.791000e-06
1.671000e-06
1.556000e-06
1.409000e-06
1.187000e-06
9.755000e-07
7.620000e-07
5.670000e-07
4.407000e-07
3.490000e-07
2.814000e-07
2.415000e-07
2.162000e-07
1.997000e-07
1.914000e-07
1.870000e-07
1.854000e-07
1.870000e-07
1.906000e-07
1.941000e-07
1.990000e-07
2.068000e-07
