1.189000e-03
1.155000e-03
1.103000e-03
1.053000e-03
1.011000e-03
9.675000e-04
9.283000e-04
9.099000e-04
9.213000e-04
9.568000e-04
1.002000e-03
1.041000e-03
1.070000e-03
1.104000e-03
1.148000e-03
1.193000e-03
1.230000e-03
1.267000e-03
1.310000e-03
1.380000e-03
1.479000e-03
1.597000e-03
1.715000e-03
1.862000e-03
2.051000e-03
2.235000e-03
2.385000e-03
2.509000e-03
2.610000e-03
2.666000e-03
2.696000e-03
2.735000e-03
2.752000e-03
2.691000e-03
2.546000e-03
2.339000e-03
2.048000e-03
1.740000e-03
1.471000e-03
1.193000e-03
9.879000e-04
9.033000e-04
8.729000e-04
8.460000e-04
8.164000e-04
7.880000e-04
7.597000e-04
7.237000e-04
6.875000e-04
6.493000e-04
5.941000e-04
5.271000e-04
4.677000e-04
4.249000e-04
3.941000e-04
3.720000e-04
3.588000e-04
3.512000e-04
3.353000e-04
3.023000e-04
2.603000e-04
2.115000e-04
1.608000e-04
1.185000e-04
8.290000e-05
5.353000e-05
3.226000e-05
1.719000e-05
1.150000e-05
9.184000e-06
7.922000e-06
7.039000e-06
6.442000e-06
6.066000e-06
5.836000e-06
5.712000e-06
5.673000e-06
5.677000e-06
5.643000e-06
5.548000e-06
5.422000e-06
5.212000e-06
4.814000e-06
4.293000e-06
3.712000e-06
3.220000e-06
2.874000e-06
2.551000e-06
2.275000e-06
2.039000e-06
1.843000e-06
1.690000e-06
1.563000e-06
1.463000e-06
1.368000e-06
1.281000e-06
1.209000e-06
1.140000e-06
1.074000e-06
1.005000e-06
9.386000e-07
8.522000e-07
7.199000e-07
5.929000e-07
4.641000e-07
3.460000e-07
2.694000e-07
2.137000e-07
1.725000e-07
1.483000e-07
1.324000e-07
1.216000e-07
1.158000e-07
1.124000e-07
1.107000e-07
1.110000e-07
1.125000e-07
1.139000e-07
1.160000e-07
1.198000e-07
