9.897000e-04
9.958000e-04
9.927000e-04
9.864000e-04
9.805000e-04
9.721000e-04
9.634000e-04
9.608000e-04
9.699000e-04
9.883000e-04
1.012000e-03
1.038000e-03
1.058000e-03
1.080000e-03
1.104000e-03
1.125000e-03
1.140000e-03
1.155000e-03
1.164000e-03
1.173000e-03
1.174000e-03
1.155000e-03
1.120000e-03
1.114000e-03
1.144000e-03
1.166000e-03
1.173000e-03
1.169000e-03
1.150000e-03
1.108000e-03
1.066000e-03
1.042000e-03
1.019000e-03
9.744000e-04
9.043000e-04
8.130000e-04
6.955000e-04
5.773000e-04
4.754000e-04
3.746000e-04
3.050000e-04
2.777000e-04
2.688000e-04
2.604000e-04
2.503000e-04
2.405000e-04
2.304000e-04
2.177000e-04
2.057000e-04
1.938000e-04
1.775000e-04
1.587000e-04
1.439000e-04
1.345000e-04
1.274000e-04
1.205000e-04
1.136000e-04
1.064000e-04
9.708000e-05
8.500000e-05
7.243000e-05
5.912000e-05
4.565000e-05
3.436000e-05
2.501000e-05
1.738000e-05
1.178000e-05
7.855000e-06
6.263000e-06
5.604000e-06
5.204000e-06
4.869000e-06
4.630000e-06
4.490000e-06
4.422000e-06
4.410000e-06
4.449000e-06
4.510000e-06
4.533000e-06
4.500000e-06
4.434000e-06
4.293000e-06
3.991000e-06
3.579000e-06
3.111000e-06
2.710000e-06
2.429000e-06
2.164000e-06
1.936000e-06
1.740000e-06
1.577000e-06
1.450000e-06
1.344000e-06
1.260000e-06
1.180000e-06
1.108000e-06
1.047000e-06
9.888000e-07
9.324000e-07
8.739000e-07
8.167000e-07
7.423000e-07
6.276000e-07
5.173000e-07
4.052000e-07
3.023000e-07
2.355000e-07
1.869000e-07
1.510000e-07
1.299000e-07
1.159000e-07
1.061000e-07
1.008000e-07
9.768000e-08
9.600000e-08
9.604000e-08
9.706000e-08
9.801000e-08
9.960000e-08
1.026000e-07
