1.499000e-03
1.379000e-03
1.248000e-03
1.140000e-03
1.058000e-03
9.812000e-04
9.165000e-04
8.866000e-04
9.001000e-04
9.486000e-04
1.010000e-03
1.061000e-03
1.095000e-03
1.138000e-03
1.197000e-03
1.258000e-03
1.310000e-03
1.363000e-03
1.430000e-03
1.551000e-03
1.746000e-03
2.030000e-03
2.393000e-03
2.837000e-03
3.365000e-03
3.941000e-03
4.505000e-03
5.071000e-03
5.696000e-03
6.375000e-03
6.995000e-03
7.543000e-03
7.938000e-03
8.054000e-03
7.930000e-03
7.695000e-03
7.286000e-03
6.794000e-03
6.416000e-03
6.011000e-03
5.459000e-03
4.992000e-03
4.593000e-03
4.290000e-03
4.082000e-03
3.922000e-03
3.809000e-03
3.700000e-03
3.580000e-03
3.420000e-03
3.086000e-03
2.567000e-03
2.022000e-03
1.617000e-03
1.375000e-03
1.282000e-03
1.345000e-03
1.595000e-03
2.018000e-03
2.414000e-03
2.490000e-03
2.192000e-03
1.711000e-03
1.254000e-03
8.532000e-04
5.259000e-04
2.965000e-04
1.366000e-04
7.825000e-05
5.471000e-05
4.245000e-05
3.457000e-05
2.943000e-05
2.606000e-05
2.377000e-05
2.222000e-05
2.119000e-05
2.046000e-05
1.970000e-05
1.883000e-05
1.794000e-05
1.685000e-05
1.524000e-05
1.333000e-05
1.133000e-05
9.674000e-06
8.511000e-06
7.458000e-06
6.571000e-06
5.822000e-06
5.210000e-06
4.734000e-06
4.339000e-06
4.028000e-06
3.740000e-06
3.480000e-06
3.264000e-06
3.060000e-06
2.866000e-06
2.670000e-06
2.482000e-06
2.244000e-06
1.888000e-06
1.549000e-06
1.209000e-06
8.986000e-07
6.977000e-07
5.520000e-07
4.447000e-07
3.814000e-07
3.419000e-07
3.170000e-07
3.048000e-07
2.989000e-07
2.973000e-07
3.010000e-07
3.078000e-07
3.145000e-07
3.234000e-07
3.372000e-07
