1.420000e-03
1.325000e-03
1.215000e-03
1.120000e-03
1.047000e-03
9.774000e-04
9.179000e-04
8.902000e-04
9.033000e-04
9.493000e-04
1.008000e-03
1.056000e-03
1.089000e-03
1.131000e-03
1.187000e-03
1.245000e-03
1.294000e-03
1.344000e-03
1.406000e-03
1.517000e-03
1.692000e-03
1.939000e-03
2.243000e-03
2.608000e-03
3.044000e-03
3.508000e-03
3.947000e-03
4.372000e-03
4.817000e-03
5.264000e-03
5.649000e-03
5.989000e-03
6.225000e-03
6.246000e-03
6.072000e-03
5.783000e-03
5.320000e-03
4.781000e-03
4.311000e-03
3.782000e-03
3.278000e-03
2.990000e-03
2.812000e-03
2.670000e-03
2.556000e-03
2.461000e-03
2.381000e-03
2.292000e-03
2.197000e-03
2.085000e-03
1.890000e-03
1.617000e-03
1.341000e-03
1.131000e-03
9.946000e-04
9.316000e-04
9.458000e-04
1.034000e-03
1.142000e-03
1.168000e-03
1.077000e-03
8.970000e-04
6.845000e-04
5.009000e-04
3.443000e-04
2.157000e-04
1.237000e-04
5.873000e-05
3.477000e-05
2.507000e-05
1.998000e-05
1.666000e-05
1.448000e-05
1.305000e-05
1.211000e-05
1.148000e-05
1.110000e-05
1.085000e-05
1.056000e-05
1.019000e-05
9.800000e-06
9.282000e-06
8.461000e-06
7.455000e-06
6.378000e-06
5.478000e-06
4.846000e-06
4.268000e-06
3.778000e-06
3.363000e-06
3.021000e-06
2.755000e-06
2.534000e-06
2.361000e-06
2.198000e-06
2.051000e-06
1.928000e-06
1.812000e-06
1.701000e-06
1.588000e-06
1.479000e-06
1.339000e-06
1.129000e-06
9.277000e-07
7.247000e-07
5.394000e-07
4.193000e-07
3.321000e-07
2.678000e-07
2.299000e-07
2.057000e-07
1.900000e-07
1.819000e-07
1.777000e-07
1.760000e-07
1.775000e-07
1.809000e-07
1.841000e-07
1.886000e-07
1.959000e-07
