1.368000e-03
1.288000e-03
1.191000e-03
1.106000e-03
1.039000e-03
9.748000e-04
9.192000e-04
8.932000e-04
9.060000e-04
9.501000e-04
1.006000e-03
1.053000e-03
1.085000e-03
1.126000e-03
1.179000e-03
1.235000e-03
1.282000e-03
1.330000e-03
1.388000e-03
1.492000e-03
1.652000e-03
1.873000e-03
2.135000e-03
2.449000e-03
2.825000e-03
3.219000e-03
3.581000e-03
3.922000e-03
4.267000e-03
4.589000e-03
4.855000e-03
5.093000e-03
5.252000e-03
5.235000e-03
5.051000e-03
4.761000e-03
4.313000e-03
3.805000e-03
3.356000e-03
2.862000e-03
2.436000e-03
2.222000e-03
2.111000e-03
2.019000e-03
1.938000e-03
1.868000e-03
1.805000e-03
1.731000e-03
1.654000e-03
1.566000e-03
1.424000e-03
1.233000e-03
1.047000e-03
9.041000e-04
8.086000e-04
7.592000e-04
7.586000e-04
7.995000e-04
8.381000e-04
8.156000e-04
7.305000e-04
6.011000e-04
4.573000e-04
3.350000e-04
2.313000e-04
1.458000e-04
8.437000e-05
4.090000e-05
2.478000e-05
1.826000e-05
1.481000e-05
1.254000e-05
1.103000e-05
1.006000e-05
9.419000e-06
9.009000e-06
8.773000e-06
8.630000e-06
8.452000e-06
8.202000e-06
7.923000e-06
7.537000e-06
6.898000e-06
6.100000e-06
5.235000e-06
4.510000e-06
4.001000e-06
3.532000e-06
3.134000e-06
2.795000e-06
2.516000e-06
2.299000e-06
2.118000e-06
1.976000e-06
1.842000e-06
1.721000e-06
1.620000e-06
1.524000e-06
1.432000e-06
1.338000e-06
1.247000e-06
1.131000e-06
9.535000e-07
7.842000e-07
6.130000e-07
4.565000e-07
3.550000e-07
2.813000e-07
2.270000e-07
1.949000e-07
1.743000e-07
1.607000e-07
1.536000e-07
1.497000e-07
1.481000e-07
1.490000e-07
1.516000e-07
1.540000e-07
1.575000e-07
1.633000e-07
