1.341000e-03
1.268000e-03
1.178000e-03
1.098000e-03
1.035000e-03
9.736000e-04
9.200000e-04
8.950000e-04
9.076000e-04
9.506000e-04
1.005000e-03
1.051000e-03
1.083000e-03
1.123000e-03
1.175000e-03
1.230000e-03
1.276000e-03
1.322000e-03
1.379000e-03
1.478000e-03
1.630000e-03
1.836000e-03
2.077000e-03
2.365000e-03
2.711000e-03
3.070000e-03
3.396000e-03
3.698000e-03
3.996000e-03
4.264000e-03
4.479000e-03
4.674000e-03
4.801000e-03
4.770000e-03
4.587000e-03
4.302000e-03
3.872000e-03
3.389000e-03
2.961000e-03
2.497000e-03
2.111000e-03
1.927000e-03
1.837000e-03
1.762000e-03
1.694000e-03
1.633000e-03
1.578000e-03
1.511000e-03
1.441000e-03
1.364000e-03
1.242000e-03
1.081000e-03
9.262000e-04
8.083000e-04
7.281000e-04
6.844000e-04
6.791000e-04
7.050000e-04
7.240000e-04
6.920000e-04
6.137000e-04
5.032000e-04
3.825000e-04
2.804000e-04
1.939000e-04
1.226000e-04
7.131000e-05
3.496000e-05
2.146000e-05
1.599000e-05
1.309000e-05
1.116000e-05
9.884000e-06
9.060000e-06
8.523000e-06
8.184000e-06
7.998000e-06
7.892000e-06
7.750000e-06
7.538000e-06
7.298000e-06
6.956000e-06
6.377000e-06
5.648000e-06
4.855000e-06
4.187000e-06
3.719000e-06
3.287000e-06
2.920000e-06
2.606000e-06
2.348000e-06
2.147000e-06
1.979000e-06
1.847000e-06
1.724000e-06
1.611000e-06
1.518000e-06
1.428000e-06
1.343000e-06
1.255000e-06
1.170000e-06
1.061000e-06
8.951000e-07
7.364000e-07
5.758000e-07
4.289000e-07
3.336000e-07
2.644000e-07
2.134000e-07
1.832000e-07
1.638000e-07
1.509000e-07
1.441000e-07
1.404000e-07
1.387000e-07
1.395000e-07
1.418000e-07
1.440000e-07
1.471000e-07
1.524000e-07
